1280
720
[[800.75628662   0.         642.00817871]
 [  0.         800.75628662 347.21896362]
 [  0.           0.           1.        ]]
[[800.74853516   0.         653.02276611]
 [  0.         800.74853516 343.69250488]
 [  0.           0.           1.        ]]
[[ 9.99999166e-01  1.15444046e-03 -5.90988842e-04]
 [-1.15293241e-03  9.99996066e-01  2.54581217e-03]
 [ 5.93925535e-04 -2.54512881e-03  9.99996603e-01]]
[[ 9.99981046e-01  3.07434995e-04 -6.14719419e-03]
 [-3.23081564e-04  9.99996722e-01 -2.54449015e-03]
 [ 6.14639185e-03  2.54642800e-03  9.99977887e-01]]
[[ 1.00047384e+00 -9.21142380e-04  1.05547668e+01]
 [-8.98002546e-04  9.98893992e-01 -5.28518968e-01]
 [ 7.41705741e-07 -3.17840628e-06  1.00062402e+00]]
[[ 1.00499352e+00  2.38408626e-03 -9.01707400e+00]
 [ 2.31503605e-03  1.00108968e+00 -3.93138454e+00]
 [ 7.67580780e-06  3.18005952e-06  9.93872447e-01]]
75.0
800.74853515625

